36.56146518237072 29.311437086747542
38.23882756326523 30.367964056357824
38.238827563133654 30.367964056357824
36.83268840341716 29.513651257616605
37.078026836985906 29.777641439181814
37.48043263159858 29.818512342558233
36.832434004168064 29.198377092378895
36.97541312654358 28.92156538463562
36.99570730631675 29.447151121893064
35.71589995940406 28.564721258227532
34.598082011320976 27.495656510983327
36.490080128646696 28.98097566367457
35.81755197402188 28.383359826200625
36.039578668857224 28.255729135357704
34.9954864007784 27.71191443335831
35.44701367358343 28.263909548679376
37.84816987235748 29.839880198705018
37.62160368198563 29.667998597377338
35.45903827945275 28.2400062441854
37.88655714446535 30.16397449402368
37.273319432004044 29.33216435482328
33.503218662009935 26.752297493874217
33.75347683226275 27.020985234670217
33.9562717781523 27.2023762061882
37.18986934357803 29.552898160438197
37.18986934174317 29.552898160438197
34.57960545189477 28.087983461769046
36.62626065238062 29.84405427595633
35.485277393875634 28.795316246287808
36.4328302101518 29.01021423055612
36.5022416770928 28.781746880496627
36.502241677926456 28.781746880496634
38.390785412294896 30.64038217556254
35.11945447458606 27.57247616788213
36.35349443711664 28.465787838895707
36.35349444236194 28.465787838895707
35.793260284127015 27.806840571495385
35.793260285241736 27.806840571495385
36.066101604100275 28.291130597238055
36.019097350467135 28.42623042127163
38.38435310773485 30.42257259060109
38.38435310876967 30.42257259060109
38.00990882144109 29.962975680864957
38.23882756416989 30.367964056357824
38.238827564215605 30.367964056357824
36.83268840420773 29.513651257616605
37.078026836409926 29.777641439181814
37.480432635343924 29.818512342558233
36.83243400181045 29.198377092378895
36.975413131719336 28.92156538463562
36.995707307705025 29.447151121893064
35.71589995376665 28.564721258227532
34.59808200938538 27.495656510983327
36.49008012284814 28.98097566367457
35.81755197387633 28.383359826200625
36.039578669250446 28.255729135357704
34.99548639838374 27.71191443335831
35.44701367825651 28.263909548679376
37.62160368469785 29.667998597377338
37.848169873562945 29.839880198705018
35.45903827691961 28.2400062441854
37.88655714255229 30.16397449402368
37.2733194311321 29.33216435482328
33.5032186611783 26.752297493874217
33.75347683117524 27.020985234670217
33.95627177751146 27.2023762061882
37.18986933810026 29.552898160438197
37.18986933525095 29.552898160438197
34.57960545545663 28.087983461769046
36.62626064850036 29.84405427595633
35.48527739609176 28.795316246287808
36.43283020780994 29.01021423055612
36.502241675737345 28.781746880496627
36.502241685238516 28.781746880496634
38.39078541369138 30.64038217556254
35.11945447118893 27.57247616788213
36.353494436992996 28.465787838895707
36.35349443615806 28.465787838895707
35.79326027585039 27.806840571495385
35.79326028520026 27.806840571495385
36.06610160553797 28.291130597238055
36.01909734106602 28.42623042127163
38.38435310914984 30.42257259060109
38.384353103687985 30.42257259060109
38.00990882441057 29.962975680864957
37.34669554795702 30.246144332702645
37.93754731247628 30.74287316673961
36.97881367993069 29.792511893029864
37.62900483124568 30.79648071858778
37.79508354045173 30.69966391171767
37.202357753203884 30.409647768467917
37.069608215329914 30.276892061999426
37.45245256510895 30.363618789491795
35.726554947579395 29.060472146189333
36.77747028455776 30.094669219516703
36.011497007166405 29.587226431382348
34.07152168036265 27.282503848485835
34.8348329365534 28.523488218773252
35.40142287799517 28.628811980965782
34.100146634243444 28.503674377988474
35.168034957917314 29.46978865811619
38.128665422070185 30.56882350423234
38.128665419621335 30.56882350423234
33.758524391800236 29.109131690918076
37.78128541516466 31.194735181043512
36.389942077064966 30.364465800597916
32.457725996020656 28.086370700136417
32.6885338231797 28.093003244719025
33.80424729192333 28.298500079145448
36.5494542135396 30.73208029877876
37.392781186032096 30.564998196465066
34.60084541988646 29.09050482041456
35.499119836413804 28.858261577500414
37.86074758554262 30.565359336354902
37.28679674535591 30.81487302626717
37.86074758517197 30.565359336354902
35.67677466173564 29.729079054569723
36.62436873568813 30.156433664746945
36.10021024487027 29.345641032648803
36.44355725307257 29.59451347509528
38.411308790296175 31.667245420698713
35.53587110278659 28.68545334532432
36.01551385368338 29.032461965237374
35.644236953361585 28.636074941422365
35.47320759598452 28.468663413564933
36.04286921387732 29.0976426690643
38.3069719383193 31.097785091025443
38.73951131451021 31.699845082353402
38.26167507121614 31.036128189961346
37.937547311438024 30.74287316673961
37.34669554650702 30.246144332702645
36.97881367982966 29.792511893029864
37.62900483474944 30.79648071858778
37.79508354442419 30.69966391171767
37.2023577552529 30.409647768467917
37.06960821538996 30.276892061999426
37.45245256320091 30.363618789491795
35.726554952468334 29.060472146189333
36.77747028833673 30.094669219516703
36.01149700305708 29.587226431382348
34.07152168187803 27.282503848485835
34.83483293645221 28.523488218773252
35.40142287763628 28.628811980965782
34.100146633823584 28.503674377988474
35.16803496014279 29.46978865811619
38.128665422141005 30.56882350423234
38.128665420560004 30.56882350423234
33.75852439240838 29.109131690918076
37.78128541709806 31.194735181043512
36.389942077313854 30.364465800597916
32.45772599683511 28.086370700136417
32.68853382285647 28.093003244719025
33.804247290530625 28.298500079145448
37.392781189687014 30.564998196465066
36.54945421146375 30.73208029877876
34.60084541914387 29.09050482041456
35.49911983637426 28.858261577500414
37.86074758398542 30.565359336354902
37.286796745862276 30.81487302626717
37.86074758352228 30.565359336354902
35.676774661828205 29.72907905456972
36.62436873770121 30.156433664746945
36.44355725193201 29.59451347509528
36.10021024609291 29.345641032648803
38.411308795599986 31.667245420698713
35.53587110087254 28.68545334532432
36.01551385287844 29.032461965237374
35.64423695249499 28.636074941422365
35.4732075957654 28.468663413564933
36.042869213025035 29.0976426690643
38.7395113146382 31.699845082353402
38.30697193950793 31.097785091025443
38.261675073320795 31.036128189961346
38.27437723953534 30.033346215243935
38.27437724236513 30.033346215243935
36.85530198815079 29.093013981539794
37.353277476828474 29.226597676177533
37.94693818793057 29.969077532782396
37.2966627262847 29.334110602295087
37.00066140739072 28.58941314421996
35.86155596787368 28.472704658418845
33.39150109610952 26.543503440332916
34.73854972723236 27.08648756949649
35.20812871091709 27.210136860631522
36.220543023292336 28.39025264797728
35.55467465018941 28.052299147245563
34.803772262624406 27.252287616055504
37.482531983324435 29.421003413808208
36.54695312885962 28.384498834654117
36.20592934497944 27.89299443481324
37.615923844758754 29.271397683089408
35.58099808756391 28.00138506657101
37.992300174556625 29.845566951982242
37.38050521932361 29.016867756673054
33.61787551665218 26.706820827165448
33.86529283418215 26.808452555899315
34.058723334293276 27.011517228013304
37.30264823500569 29.341699917609226
37.30264823405939 29.341699917609226
36.741420947585446 29.63041080748224
35.59588342298276 28.5837523585796
36.61851249416042 28.56909745532127
36.61851249503585 28.56909745532127
38.50640931066184 30.427241529950876
36.47843781575843 28.252794946630576
36.47843781597178 28.252794946630576
35.94529866493451 27.636254478824892
35.94529866364939 27.636254478824892
36.30235321112656 28.194984540085546
38.53208542872512 30.268059921487588
38.532085433845694 30.268059921487588
38.0601290220133 29.605445766417336
38.27437723905452 30.033346215243935
38.27437724144899 30.033346215243935
36.85530199073429 29.093013981539794
37.35327747686546 29.226597676177533
37.94693819088597 29.969077532782396
37.29666272444315 29.334110602295087
37.00066140795629 28.589413144219968
35.8615559675285 28.472704658418838
33.39150109645054 26.543503440332916
34.738549726776434 27.08648756949649
35.20812871185253 27.210136860631525
36.220543023288585 28.39025264797728
35.554674647726294 28.052299147245563
34.80377226303184 27.252287616055504
37.482531977375324 29.421003413808208
36.54695312767984 28.384498834654117
36.20592934589091 27.89299443481324
37.61592384464291 29.271397683089408
35.580998089157696 28.00138506657101
37.99230017071841 29.845566951982246
37.38050521923977 29.016867756673058
33.6178755100246 26.70682082716545
33.86529283341293 26.80845255589932
34.0587233274653 27.011517228013307
37.30264823337766 29.341699917609226
37.302648236014676 29.341699917609226
36.741420947406354 29.630410807482235
35.59588342293047 28.583752358579606
36.618512493125195 28.56909745532127
36.618512492621605 28.56909745532127
38.506409311833 30.427241529950876
36.478437814150844 28.252794946630576
36.47843781261608 28.252794946630576
35.945298665193626 27.636254478824892
35.945298663186485 27.636254478824892
36.302353208782876 28.194984540085546
38.53208542924331 30.268059921487588
38.532085432850536 30.268059921487588
38.060129020829514 29.605445766417336
36.57329626917777 29.662708050608597
36.6095619609601 29.69718039819385
35.52699489571173 28.95447950694983
36.0075586726102 29.09345777577172
35.96284064754939 29.441963652604535
35.35279901225417 28.803815761494846
35.490825816557866 28.46119040941827
35.671885359306195 29.178806232752677
33.39766592000494 26.65322146013689
34.04078838455516 27.793328595997345
34.89655777914249 28.2722008826616
33.84425501119513 27.339675558730637
34.27632806102846 27.98800084159552
34.221540811102535 27.547660462359406
34.49280437273766 28.237557914063114
37.39211310529575 29.517582877955824
35.03597811043891 28.78743212381215
37.39211311176958 29.517582877955817
33.500740311050706 28.047269028401345
36.27181918276419 29.830729715296343
35.687988621063894 29.00011077463907
31.558138377515444 26.643317446721472
31.867844212261858 26.746319718503692
32.282525294350194 26.93378907872726
35.861950002271634 29.173894040893007
35.89426756021973 29.210486297549437
33.04197339049187 27.635150741453543
35.7812414688095 29.412902483516206
34.164514791101276 28.47058844863367
35.06088183450731 28.670995805329444
35.2412463551223 28.592749502183597
35.157838852769736 28.369740741646716
36.90788843709814 30.302883835751345
33.86678695152775 27.000870423520826
35.418802593004884 28.598527881609375
34.84087236825776 28.05143832459734
34.945429566327796 28.075806079557797
34.33172791996756 27.504977937868667
34.0006002308317 27.461829864070136
37.173757469383865 30.238690130938053
36.69961666468043 29.580112878198406
36.60956196368171 29.69718039819385
36.573296270734744 29.662708050608597
35.52699489075402 28.95447950694983
36.007558679750154 29.09345777577172
35.96284064830833 29.441963652604535
35.352799013155426 28.803815761494846
35.49082581767025 28.46119040941827
35.67188536276549 29.178806232752677
33.39766592198031 26.65322146013689
34.04078838514281 27.793328595997345
34.89655777694404 28.2722008826616
33.84425501490227 27.339675558730637
34.27632806094098 27.98800084159552
34.22154081050382 27.547660462359413
34.49280437472756 28.237557914063114
37.392113102509676 29.517582877955824
35.0359781096387 28.78743212381215
37.39211310417456 29.517582877955824
33.500740311694784 28.047269028401345
36.27181918319871 29.830729715296343
35.68798862197258 29.00011077463907
31.55813837820401 26.643317446721472
31.867844210449018 26.746319718503692
32.28252529325616 26.93378907872726
35.8942675599026 29.210486297549437
35.8619500024984 29.173894040893007
33.041973390616974 27.635150741453543
35.78124146869541 29.412902483516213
34.164514790271745 28.47058844863367
35.06088183592877 28.670995805329444
35.15783885167895 28.369740741646716
35.241246353687224 28.592749502183597
36.907888435786816 30.302883835751345
33.86678695025272 27.000870423520826
34.8408723695606 28.05143832459734
35.41880259131113 28.598527881609375
34.33172791913392 27.504977937868667
34.94542956734008 28.075806079557797
34.00060022886303 27.461829864070136
37.17375747092893 30.238690130938053
36.69961666400093 29.580112878198413
38.50606179655938 30.46131096738847
38.50606179480881 30.46131096738847
36.33508772943667 29.080022737306994
37.359677105102875 29.91862828456489
37.86449400210977 30.052326529621205
37.87384562548807 30.285073800159854
37.29054911475703 29.656043448159455
37.51005962221099 29.41542961221785
36.34573558825979 29.042340391861995
36.38916597751281 29.2031153849483
36.184624654641546 29.17784153842023
33.68547992558187 27.02071922411574
35.44215116551603 28.22362239463903
35.52987739071071 28.128764560558434
35.45711414572045 28.26217348589721
35.947555759547605 28.95750243459129
36.22421183857364 28.51310134042224
34.258560692922245 27.4006901870157
36.15309983156072 28.244027460720517
35.6576270637656 27.78509098142711
35.99675202947844 28.77386255230309
38.52728988041787 30.656626304373113
37.79015303690459 29.81797681796271
34.05572074328709 27.50144485427182
34.30801234668477 27.634918800176717
34.485948790229486 27.805434030946167
37.707420779863284 30.2646962047765
37.70742078114637 30.2646962047765
35.024964519497985 28.610061732802148
34.28604556921135 27.840429749544864
37.38655169692411 30.46869856531086
37.225187457180205 30.460950689154426
35.415114425214334 28.12224735682743
35.97002009071493 29.303019637461357
36.88129386009 29.62691890950657
36.82880265748977 28.99760002200149
36.82880266006777 28.99760002200149
38.982138797320125 31.25356526608243
35.6814122349099 28.043115295073868
36.68709353847431 28.681214437090425
36.68709353766234 28.681214437090425
36.14329737584282 28.008067245453613
36.14329737584273 28.008067245453613
34.378168188705224 27.454483582282535
36.71729815297578 28.909344167366463
39.011236085441645 31.115726797213465
39.01123608685462 31.115726797213465
38.54015647311607 30.45200990482141
38.50606179353636 30.46131096738847
38.5060617969493 30.46131096738847
36.33508773239331 29.080022737306994
37.3596771072082 29.91862828456489
37.86449400377229 30.052326529621205
37.87384562221131 30.285073800159854
37.290549116263996 29.656043448159455
37.510059621961155 29.415429612217842
36.34573559300811 29.042340391861995
36.389165978607394 29.2031153849483
36.18462465391631 29.177841538420235
33.68547992546187 27.02071922411574
35.442151165771385 28.22362239463903
35.5298773896995 28.128764560558427
35.45711414174865 28.26217348589721
35.94755575912309 28.95750243459129
36.224211843059514 28.513101340422235
34.258560692846174 27.4006901870157
36.15309983112228 28.244027460720517
35.65762706428195 27.78509098142711
35.996752033754966 28.773862552303086
38.52728987529001 30.656626304373113
37.79015303601343 29.81797681796271
34.05572074388375 27.501444854271814
34.3080123473002 27.634918800176717
34.485948786615914 27.805434030946167
37.7074207776694 30.264696204776506
37.7074207810408 30.264696204776506
35.02496451683156 28.610061732802148
34.286045567533385 27.840429749544864
35.41511442384099 28.122247356827437
37.22518745569591 30.460950689154426
37.38655169489181 30.46869856531086
35.97002009046101 29.303019637461357
36.881293857993285 29.62691890950657
36.82880265861001 28.99760002200149
36.82880266018488 28.99760002200149
38.9821387927475 31.253565266082422
35.68141223413717 28.043115295073868
36.6870935366596 28.681214437090425
36.68709353813519 28.681214437090425
36.14329737671988 28.008067245453606
36.14329737646587 28.008067245453613
34.37816818515628 27.454483582282535
36.71729814875744 28.909344167366463
39.01123608566322 31.115726797213465
39.01123608540199 31.115726797213465
38.54015647440933 30.45200990482141
35.780908118524934 29.543336496906843
